-
          id: 1
          points: [[72,403],[134,398],[154,479],[53,478]]
-
          id: 2
          points: [[166,424],[241,412],[275,476],[170,478]]
-
          id: 3
          points: [[360,423],[431,402],[510,475],[413,478]]
-
          id: 4
          points: [[270,433],[352,436],[383,478],[291,479]]
-
          id: 5
          points: [[158,336],[220,334],[234,367],[165,377]]
-
          id: 6
          points: [[94,314],[136,316],[140,368],[91,376]]
-
          id: 7
          points: [[291,325],[367,321],[387,355],[310,361]]
-
          id: 8
          points: [[420,321],[498,307],[533,346],[462,359]]
-
          id: 9
          points: [[108,282],[151,284],[148,254],[119,251]]
-
          id: 10
          points: [[652,344],[695,335],[636,307],[615,311]]
